211
1,5,22,3,6,0,2,
1,4,23,3,2,1,2,
1,7,21,2,2,0,2,
1,1,21,3,6,1,1,
1,2,20,4,5,0,2,
1,3,19,5,5,0,2,
3,0,18,6,2,0,
4,10,17,6,2,0,
4,8,18,5,2,0,
4,9,17,5,2,0,
4,5,19,4,2,0,
4,6,18,4,2,0,
4,7,17,4,2,0,
4,1,20,3,2,0,
4,2,19,3,2,0,
4,3,18,3,2,0,
4,4,17,3,2,0,
1,6,24,4,3,1,2,
3,0,24,5,4,0,
2,0,25,5,3,0,
2,0,24,3,2,0,
3,0,24,2,2,0,
1,8,25,1,6,1,1,
2,0,18,2,2,0,
2,0,17,2,2,0,
2,0,23,1,2,0,
2,0,22,1,2,0,
2,0,21,1,2,0,
2,0,20,1,2,0,
2,0,19,1,2,0,
2,0,26,1,2,0,
2,0,18,1,2,0,
2,0,17,1,2,0,
2,0,16,1,2,0,
2,0,15,2,2,0,
1,10,13,2,2,0,1,
1,9,14,2,6,1,1,
3,0,14,1,6,0,
2,0,15,1,2,0,
2,0,13,3,1,0,
1,11,12,4,5,1,1,
3,0,11,5,5,0,
1,13,13,7,0,1,1,
1,12,12,6,4,0,1,
2,0,12,5,0,0,
2,0,12,8,0,0,
2,0,12,7,0,0,
1,16,9,5,5,0,1,
3,0,12,2,6,0,
2,0,11,3,1,0,
3,0,8,6,5,0,
2,0,9,6,0,0,
2,0,9,7,0,0,
2,0,8,7,0,0,
1,14,12,11,0,0,1,
2,0,12,10,0,0,
1,15,11,10,4,0,1,
2,0,11,7,0,0,
2,0,11,9,0,0,
2,0,11,11,0,0,
2,0,8,11,0,0,
2,0,9,10,0,0,
2,0,25,3,2,0,
2,0,22,2,2,0,
1,19,30,1,2,1,2,
2,0,28,1,2,0,
2,0,29,1,2,0,
2,0,34,0,2,0,
2,0,33,0,2,0,
2,0,32,0,2,0,
2,0,31,0,2,0,
2,0,30,0,2,0,
2,0,28,0,2,0,
2,0,27,0,2,0,
2,0,26,0,2,0,
2,0,25,0,2,0,
2,0,9,0,2,0,
2,0,23,0,2,0,
2,0,21,0,2,0,
2,0,22,0,2,0,
2,0,20,0,2,0,
2,0,19,0,2,0,
2,0,18,0,2,0,
2,0,17,0,2,0,
2,0,16,0,2,0,
2,0,15,0,2,0,
2,0,14,0,2,0,
2,0,13,0,2,0,
2,0,12,0,2,0,
2,0,11,0,2,0,
2,0,10,0,2,0,
1,0,7,0,6,1,1,
1,0,6,1,5,1,1,
1,0,5,0,6,1,1,
1,0,4,1,5,1,1,
1,0,2,1,5,1,1,
3,0,3,0,6,0,
2,0,6,0,2,0,
2,0,4,0,2,0,
3,0,5,2,5,0,
3,0,3,2,5,0,
3,0,1,2,5,0,
2,0,6,2,0,0,
2,0,4,2,0,0,
2,0,2,2,0,0,
2,0,6,3,0,0,
2,0,6,4,0,0,
2,0,6,5,0,0,
2,0,6,6,0,0,
2,0,6,7,0,0,
2,0,6,8,0,0,
2,0,6,9,0,0,
2,0,6,10,0,0,
2,0,6,11,0,0,
2,0,5,8,0,0,
2,0,5,11,0,0,
2,0,5,10,0,0,
2,0,5,9,0,0,
2,0,5,7,0,0,
2,0,5,6,0,0,
2,0,5,5,0,0,
2,0,5,4,0,0,
2,0,5,3,0,0,
2,0,4,3,0,0,
2,0,4,4,0,0,
2,0,4,5,0,0,
2,0,4,6,0,0,
2,0,4,7,0,0,
2,0,4,8,0,0,
2,0,4,9,0,0,
2,0,4,10,0,0,
2,0,4,11,0,0,
2,0,3,3,0,0,
2,0,3,4,0,0,
2,0,3,5,0,0,
2,0,3,6,0,0,
2,0,3,7,0,0,
2,0,3,8,0,0,
2,0,3,9,0,0,
2,0,3,10,0,0,
2,0,3,11,0,0,
2,0,2,3,0,0,
2,0,1,3,0,0,
2,0,2,4,0,0,
2,0,1,4,0,0,
2,0,2,5,0,0,
2,0,1,5,0,0,
2,0,2,6,0,0,
2,0,1,6,0,0,
2,0,1,7,0,0,
2,0,2,7,0,0,
2,0,2,8,0,0,
2,0,2,9,0,0,
2,0,1,8,0,0,
2,0,1,9,0,0,
2,0,1,10,0,0,
2,0,2,10,0,0,
2,0,2,11,0,0,
2,0,1,11,0,0,
1,25,41,4,4,1,2,
3,0,40,5,5,0,
1,26,40,9,4,1,1,
1,27,41,10,0,1,1,
2,0,40,10,0,0,
2,0,41,5,0,0,
2,0,40,6,0,0,
2,0,41,6,0,0,
1,0,35,0,6,1,1,
2,0,36,0,2,0,
2,0,37,0,2,0,
3,0,38,0,7,0,
2,0,39,1,3,0,
2,0,40,2,3,0,
3,0,41,3,0,0,
2,0,40,8,0,0,
2,0,41,8,0,0,
3,0,34,1,2,0,
3,0,31,2,3,0,
1,20,32,2,2,1,2,
2,0,34,4,3,0,
1,24,33,3,3,1,1,
2,0,34,4,1,0,
1,22,35,3,6,1,1,
1,23,35,3,2,1,1,
2,0,34,3,2,0,
2,0,33,2,2,0,
1,21,36,2,6,1,1,
2,0,36,3,2,0,
2,0,31,1,2,0,
2,0,32,1,2,0,
2,0,33,1,2,0,
2,0,10,4,1,0,
1,17,8,10,4,1,1,
1,18,9,11,0,0,1,
2,0,29,0,2,0,
2,0,27,1,2,0,
2,0,24,1,2,0,
6,1,19,2,2,0,
4,50,20,8,2,0,
5,1,26,3,2,0,7,1,4,0,
5,2,23,2,2,0,7,0,
5,3,26,6,3,0,6,0,4,1,7,1,
5,4,25,6,3,0,6,1,4,1,7,1,
5,5,16,6,2,0,3,0,2,0,1,1,5,0,
5,6,16,5,2,0,3,1,2,0,1,1,5,0,
5,9,16,2,2,0,5,1,10,0,13,1,14,0,
2,0,20,2,2,0,
6,2,34,2,2,0,
4,20,35,2,2,0,
5,7,16,4,2,0,1,1,2,1,5,0,
5,8,16,3,2,0,1,0,
